AAS,3.472547185036444,2.6917858,3.9553332
ABE,3.5723319863373377,3.0086486,3.9680953
ACCY,3.3789690111833095,2.0936,3.9836586
ACE,3.276006219868964,1.9226786,3.9680953
ACES,3.8564281165599823,3.6556666,3.942174
ADV,3.4853468097391582,2.6941667,3.971702
AE,3.3243428418334102,2.0453389,3.95825
AFRO,3.3287648409605026,2.2816,3.8475
AFST,3.3048332929611206,3.248,3.3616667
AGCM,3.4912736245564053,2.9873078,3.8158622
AGED,3.632087867993575,3.045862,3.9378126
AHS,3.7579681873321533,3.533111,3.9655173
AIS,3.534436655044556,2.8986957,3.9170833
ANSC,3.4920194417238237,2.3310714,3.991625
ANTH,3.32955502762514,2.6190636,3.9308333
ARAB,3.6657367944717407,3.4295237,3.8712902
ARCH,3.1970440235334574,2.6382978,3.7494383
ART,3.6925896297801626,3.401,3.952381
ARTD,3.4492717385292053,2.621818,3.8553126
ARTE,3.876341938972473,3.8636363,3.8890476
ARTF,3.300630509853363,3.0980625,3.562922
ARTH,3.2747650711159957,2.68125,3.8885715
ASRM,3.3323632081349692,2.7772727,3.8484848
ASTR,3.11975000750634,2.0488236,3.9130435
ATMS,3.301928570193629,2.3893332,3.9406667
BADM,3.6195848535709136,2.129592,3.9884484
BCS,3.7297277450561523,3.4423914,3.9304652
BIOC,3.461494485537211,3.1543903,3.88875
BIOE,3.572239121237954,2.6413724,3.98325
BTW,3.562221848636592,2.7830434,3.9720833
BUS,3.8196725208183815,3.3081481,3.9776666
CEE,3.369426870037437,2.524,3.952381
CHBE,3.081216289883568,2.3245332,3.925926
CHEM,2.963092880349764,1.5988636,3.9638197
CHLH,3.5456231697745944,2.5193334,3.9725688
CHP,3.8620688915252686,3.862069,3.862069
CI,3.756356857039712,3.0957143,3.9732
CLCV,3.3095804190231584,2.5181034,3.9424138
CMN,3.278297042978403,1.9722917,3.9052382
CPSC,3.396940436959267,2.55025,3.9441667
CS,3.371215183529964,2.3753126,3.9736843
CW,3.5221261501312258,3.0638096,3.8117392
CWL,3.6543673872947693,3.1366668,3.887549
DANC,3.7858980113062364,3.471724,3.9642856
EALC,3.3238868832588198,2.59,3.9836586
ECE,3.24435930911677,2.1129348,3.9522858
ECON,3.159789961340144,1.95,3.9570968
EDUC,3.8262913367327522,3.4623077,3.985294
EIL,3.7679698864618936,3.4491305,3.9545455
ENG,3.750670617885804,2.9655173,3.9772727
ENGL,3.4375515195039603,2.3588462,3.9245455
ENVS,3.4843270778656006,3.3333333,3.7386956
EOL,3.8013573609865627,3.508261,3.9468
EPOL,3.7777057886123657,3.612653,3.9427586
EPS,3.6473017003801136,3.0873914,3.9445834
EPSY,3.6190359592437744,2.7485185,3.9920237
ESE,3.3339455326398215,2.912857,3.5163636
EURO,3.641477108001709,3.3337038,3.8403704
FAA,3.643649160861969,3.3054838,3.952381
FIN,3.4427163832880594,1.7886667,3.977069
FR,3.2638916281553416,2.6969566,3.745126
FSHN,3.598268323653453,3.007,3.98325
GCL,3.5685977649688723,2.7864,3.942174
GE,3.3193493332973745,2.6475,3.935366
GEOG,3.325782600376341,2.6518183,3.9565217
GEOL,3.0883418234383186,2.2465217,3.77875
GER,3.3863032676956872,2.6086957,3.8490908
GLBL,3.5236579134494446,2.7776191,3.9046428
GS,3.5537995951516286,2.5046341,3.9787233
GWS,3.3184045972050846,2.6210344,3.9333334
HDFS,3.4774233969775112,2.9574358,3.9466
HIST,3.3064835900352114,1.9685714,3.9395454
HORT,3.4103617607018886,2.6378262,3.8781188
HRD,3.7760523319244386,3.620909,3.9545455
IB,3.3845728238423667,2.2371135,3.893226
IE,3.285559111046341,1.902258,3.9668
IHLT,3.728605067028719,3.0642307,3.9170833
INFO,3.335046685260275,2.3845713,3.8596153
IS,3.7788630073720757,3.0633333,3.9695454
ITAL,3.4345546449933733,3.3645453,3.5403447
JAPN,3.162380886077881,2.682857,3.4290476
JOUR,3.3030858597856887,2.3660975,3.8527777
JS,3.778571367263794,3.7785714,3.7785714
KIN,3.399961284001668,2.2557142,3.94831
KOR,3.8251548210779824,3.7572727,3.884348
LA,3.16849477092425,2.145625,3.6133332
LAS,3.804951101541519,3.6190476,3.9583333
LAST,3.371390422185262,3.26375,3.5642307
LAT,2.9728457927703857,2.8547826,3.090909
LAW,3.3016257420518342,2.8668,3.8408697
LER,3.703676790223086,3.0404,3.9772727
LING,3.384070955676797,2.6136363,3.936154
LLS,3.385700678214049,2.8513794,3.87
MACS,3.402666657785826,2.0622222,3.9468
MATH,2.9483174835800363,1.6517391,3.9545455
MBA,3.6211169873825226,3.1108334,3.9728572
MCB,3.1987829481262757,2.0291305,3.9565217
MDIA,3.47585391998291,2.640635,3.942174
ME,3.3960340583426323,2.4398718,3.9802942
MILS,2.877666711807251,2.8776667,2.8776667
MSE,3.2953547537326813,2.5277083,3.9583333
MUS,3.4249110293388365,2.358617,3.9545455
MUSE,3.674380922317505,3.6268656,3.7275
NPRE,3.386707907975322,2.2304761,3.9507408
NRES,3.1629884661854923,2.2201138,3.6669862
NS,3.8238234519958496,3.8238235,3.8238235
NUTR,3.7390055656433105,3.5185184,3.9395454
PATH,2.9450188875198364,2.633871,3.2119443
PHIL,3.1477310463664976,2.4133334,3.8095238
PHYS,3.071920105506634,2.4092157,3.96675
PLPA,3.2705841064453125,3.1369863,3.4115255
POL,3.7825785279273987,3.713,3.88375
PS,3.1546698992592948,2.0723188,3.857143
PSM,3.8294039169947305,3.6391666,3.9113333
PSYC,3.132913096558183,2.1093478,3.96875
REES,3.8758822679519653,3.84,3.9117646
REHB,3.426411502501544,2.567,3.9075925
REL,3.5008701296413647,2.7779167,3.889111
RHET,3.3772539297739663,2.8486364,3.7623808
RLST,3.3833263736022148,2.8242857,3.9167857
RST,3.2381936255549886,2.2457142,3.943662
RUSS,3.256211996078491,2.477826,3.6272
SAME,3.017894744873047,3.0178947,3.0178947
SCAN,3.381931695071134,2.7577274,3.8592308
SE,3.310254768089012,2.888125,3.9011712
SHS,3.5194276553120103,2.6368182,3.9827273
SLAV,3.6666667461395264,3.6666667,3.6666667
SLCL,3.7464516162872314,3.4972882,3.8804
SOC,3.2791436849181186,2.5073333,3.9402564
SOCW,3.625825540653403,2.613409,3.9720833
SPAN,3.623245884071697,2.7727273,3.9545455
SPED,3.804386922868632,3.4426775,3.9808571
STAT,3.3863482271428444,2.5178206,3.958
TAM,3.043996230520383,2.3331034,3.9468
TE,3.7739496678113937,3.3748486,3.9683332
THEA,3.3462909170099207,2.2815385,3.9395454
TRST,3.1433334350585938,3.1433334,3.1433334
TSM,3.1192694777873027,2.0228262,3.8333333
UP,3.4971547036800743,2.6157575,3.9411764
VCM,3.848972409963608,3.586207,3.9791667
VM,2.828983062505722,2.356589,3.9230769
YDSH,3.4676374197006226,3.3661904,3.560909
subject_x,\N,\N,\N
