ACCT,3.123968241706727,2.37,3.59
AE,3.34676579560489,1.0,4.0
APPH,3.516345183861437,2.0,4.0
ARBC,3.541428565979004,2.75,4.0
ARCH,3.6910600032806395,1.0,4.0
AS,3.6427272774956445,2.55,4.0
ASE,3.9000000045413064,3.6,4.0
BC,3.7342187532534203,1.6,4.0
BIOL,3.5862069006623893,2.73,4.0
BMED,3.3457912481593763,1.0,4.0
CEE,3.4326774210699145,1.0,4.0
CHEM,3.273763740455711,1.0,4.0
CHIN,3.704552244784227,2.75,4.0
COA,3.5137878945379546,2.6,4.0
COE,3.0624401997150987,1.0,4.0
COS,3.990000009536743,3.96,4.0
CP,3.5896875138084092,2.0,4.0
CS,3.3091799309670997,1.0,4.0
CSE,3.6807142751557484,2.88,4.0
CX,3.502424232887499,2.76,4.0
DOPP,1.25,1.0,2.0
ECE,3.4988934854440386,1.0,4.0
ECON,3.376118422338837,2.45,4.0
ENGL,3.6214871869127974,1.89,4.0
FREN,3.777337284483148,3.0,4.0
GRMN,3.4827480862158855,2.5,4.0
GT,3.911391321818034,3.0,4.0
HIST,3.4356818090785635,2.91,3.89
HS,3.639999968664987,3.33,4.0
HTS,3.493991417946222,1.0,4.0
IAC,4.0,4.0,4.0
ID,3.6719454034603496,2.46,4.0
IMBA,3.7953982458705395,3.1,4.0
INTA,3.63603878219372,1.0,4.0
ISYE,3.2334104018404304,1.0,4.0
JAPN,3.547314292362758,1.0,4.0
KOR,3.8125352154315357,3.0,4.0
LCC,3.527530857074408,1.0,4.0
LING,3.82222220632765,3.53,4.0
LMC,3.6588485844503817,1.0,4.0
LS,1.0,1.0,1.0
MATH,3.0762637398764037,0.5,4.0
ME,3.381585874612349,1.0,4.0
MGT,3.5955953069759192,1.0,4.0
ML,3.899999976158142,3.8,4.0
MOT,3.8259259594811335,3.52,4.0
MP,3.477647066116333,1.0,4.0
MSE,3.352378756014359,1.0,4.0
MSL,3.9062069037864946,3.43,4.0
MUSI,3.745578946565327,3.0,4.0
NRE,3.346399998664856,1.0,4.0
NS,3.8436111079321966,3.0,4.0
PERS,3.8899999965320933,3.56,4.0
PHIL,3.3729333384831746,1.0,4.0
PHYS,3.245704921347196,2.0,4.0
POL,3.384705894133624,3.17,3.71
PSYC,3.439776362321628,1.0,4.0
PUBP,3.64375886595841,2.0,4.0
RUSS,3.812142863160088,3.0,4.0
SOC,3.3986666520436604,3.0,3.78
SPAN,3.7251265924188157,2.88,4.0
department,\N,\N,\N
