\N,\N,\N,\N,\N,\N,\N
201402,3.5159123915236856,0.0,8.0,20.08546089760817,1,399
201405,3.5734643562402324,0.0,4.0,16.613345521023767,1,473
201408,3.532217019894084,0.0,11.0,22.257090814467865,1,307
201502,3.5435844640537892,0.0,6.0,20.630604796663192,1,494
201505,3.5672992711519673,0.0,4.0,18.309306569343065,1,734
201508,3.556593210980903,0.89,7.0,23.574799066632096,1,384
201602,3.566956293957828,0.0,11.0,21.94189765458422,1,376
201605,3.629163605544497,0.0,7.0,17.715073529411764,1,370
201608,3.582372927191753,0.0,7.0,23.828132863613487,1,396
201702,3.5763224007104495,0.0,6.0,22.132239876986162,1,538
201705,3.658093107739195,0.0,4.0,17.664279319606088,1,341
